0.6791821212093859
0.6781069962813631
0.6765541411187925
0.6752451988308158
0.6749012983901392
0.6730142395856055
0.6717298783634557
0.6715172665268807
0.671756504831025
0.6713077952794984
0.6716535060062748
0.6713363456835869
0.6716224287115832
0.6700240855052114
0.671483653086007
0.6714204459256934
0.6706355605541789
0.671749515149282
0.6705465600358819
0.6712166952471723
0.6707179616902094

0.000881136504448469
0.0008769381276153813
0.0008717347831809243
0.0008690491222706732
0.0008686108947333033
0.0008607582770300935
0.0008578522506106047
0.0008581058852175563
0.0008579037798209566
0.0008557787756386849
0.0008582643264810803
0.0008567549520151544
0.0008589647902467604
0.0008537726911304992
0.0008575163655713953
0.0008594762075731436
0.0008538167417346281
0.0008554114507523997
0.0008555143324085271
0.0008574008670622043
0.0008538311274714926
