3.0231600827867338
2.999099262837199
2.936905379320405
2.88648329433681
2.8600747434987546
2.856022311875524
2.85964925426466
2.8455184272362914
2.8459368875661317
2.838765026225057
2.8431584173193425
2.8450956951420454
2.839639658380573
2.8421440874566515
2.8432715053730493
2.8361582948584836
2.8448562123193435
2.84098634379654
2.845712933915556
2.834384972525118
2.84826121591444

0.010371230509642589
0.010246594485113246
0.010032769266805987
0.009803282372945274
0.009665035228677494
0.009685062998683002
0.009788956038510703
0.009653238311392713
0.009839334755636545
0.009469453776673213
0.00973491831786281
0.009642595607525999
0.009524954049709837
0.009621155746550966
0.009645519334487025
0.009603328049828243
0.009646235604776704
0.009623153880250633
0.009732379241432557
0.009629741447786201
0.009796732931009978
