2.173835316304018
2.1588014460162133
2.138706044358118
2.117399952406531
2.1073172872440717
2.0965149098110407
2.090435453245671
2.0879179853021164
2.0939809249292374
2.088508812177973
2.0707340073680767
2.08570392498817
2.0806317257838303
2.087669706561932
2.0807948879196094
2.0861472259350267
2.0867785228925917
2.080460720072222
2.0879057442542694
2.075765212295121
2.0866450534761047

0.008051370329928855
0.007829378943879153
0.007803795584421346
0.007851627584853341
0.00782162870839234
0.00769497301341282
0.007749087402474319
0.00762065378677051
0.007586138229086253
0.007733486423223487
0.0074396374596731275
0.007627069568679627
0.007744879631853252
0.007618421477030691
0.00765915065674612
0.007599544786554858
0.007692333033866194
0.007618943979775215
0.00764970863095617
0.007478218026366347
0.007587143826080697
