10.538067474617751
10.483982659606786
10.221420257051136
10.438370563505316
10.042496931141406
10.37464714304415
10.235184959073216
10.337421256678057
10.306047246553609
10.141318442022584
10.347904095158714
10.262759664003827
10.220231552042769
10.176996877934323
10.08903685455526
10.306452103135747
10.355933135668124
10.286287118025927
10.209896177326282
10.123091251161831
10.222210555053868

0.14840810559274895
0.1489735828336854
0.14953569516738005
0.15808303539567187
0.13929918304325845
0.1612944367128054
0.15153644636491775
0.15124121492434336
0.15098623223367405
0.146036981698647
0.16537607446525707
0.1525581162944327
0.14983178319901683
0.15685072063056602
0.14389901373152023
0.15991988369995183
0.16094027918641418
0.15451610010925432
0.1517399694842373
0.1431341031992721
0.1561993058115067
