17.487105452156474
17.068970174938784
16.709128924934028
16.6435781070959
16.688580706069114
16.610975133416673
16.606249363535426
16.53371354550688
16.686353728570126
16.51153796963891
16.50042352995456
16.63966897064797
16.667613199563768
16.547955359227704
16.745013627910627
16.651893843202593
16.718747530238087
16.69876195651642
16.744684242949706
16.72000742635649
16.67828478434681

0.12111409175783391
0.12391416287837158
0.12842565019944058
0.12659127542598791
0.1224692877676879
0.13231528769636028
0.11989529946405486
0.12301060058025338
0.1279820096515462
0.12186325053553673
0.12539033843388045
0.13338993144520941
0.13005027023938223
0.1271903703384217
0.12784682078692164
0.12906781869880382
0.12554988863350666
0.12248224776525457
0.12354678199722989
0.12673052228384812
0.13055597875945552
