2.1670175301187453
2.150722928735271
2.1184276563700966
2.1029089705546515
2.089372731381662
2.090355410792168
2.079097157989147
2.084003337688551
2.0890546963619454
2.0781428213224205
2.0831747457276015
2.0864241002848947
2.083857897318456
2.078895326032437
2.0810064371280377
2.0790630037499698
2.0852060304880147
2.0859549204080423
2.0824485157726405
2.07680051458818
2.0863241671098316

0.008044043883525896
0.007945083835652565
0.007732157838670266
0.007716250609695652
0.007593847135585553
0.007771956574564436
0.007504932718875555
0.0076158252887770835
0.007603272713038597
0.0075226684945272435
0.007517392425825763
0.007602090652648648
0.007614003265155214
0.007610148669252765
0.007601250885607294
0.007491488620538758
0.007525561900007064
0.0076077927508281015
0.007639555495392698
0.007494415700117403
0.007575921301366644
