2.1881167490010927
2.159449388220445
2.14111524144246
2.118053158857832
2.1019171017272464
2.099538352431848
2.088669217691376
2.091032010221496
2.090949101040588
2.093927303519105
2.0881321282861847
2.085451194838272
2.0820501938010265
2.087150970571868
2.0837433478981393
2.088708606391947
2.0924170171878385
2.0880328258747145
2.088843892629646
2.0910670328546397
2.084414462404008

0.008089828268852812
0.007836184513225054
0.007845318555637727
0.007790370699076102
0.007668982358748494
0.007711018447643974
0.007617371387043137
0.007703881062913338
0.007623960043240327
0.007596691285032193
0.007667313562030758
0.0076635530791618195
0.007500809507934601
0.007759835396402456
0.007642512345087158
0.007732442058053175
0.007630997686400909
0.007639568200950599
0.007768971526564094
0.007585188379705901
0.007582770068495922
