2.17809579144444
2.148865774711265
2.111670707280679
2.099453011837221
2.099576375286645
2.0894097846272155
2.0904433705071566
2.0917151994684824
2.087753246175132
2.0872290971788265
2.0888523911738512
2.080466149899801
2.0801859837688914
2.081054987062697
2.080178335698915
2.0823087554746382
2.0863592231734036
2.0826159500241297
2.0885816443637792
2.0788232400107653
2.081575376632733

0.007926890419826305
0.007852607663846444
0.00765673677715569
0.00771821353556269
0.007857956019459239
0.007610126057665483
0.007641046465428827
0.007628103651720235
0.007532017873382721
0.007657256335283807
0.007687783967239604
0.00750831970565138
0.00770525799396411
0.007667197432713423
0.007563628590641111
0.007654571996454548
0.0077076106827941755
0.007517334542246074
0.0076039645779645785
0.007487056263749396
0.0075980191339014526
