0.8584208463177792
0.8589447486165938
0.8574437644965767
0.8535827502627349
0.8488770321860004
0.8464869298081689
0.8445700178554931
0.8426971118759574
0.84397338249802
0.8442883763634437
0.8435711644224008
0.8443427260339079
0.8435592354829079
0.8437334128667654
0.8437950663849931
0.8436105238290731
0.8433351822615982
0.8439293880487386
0.8435561987803785
0.844180759023347
0.8437751481956586

0.0011361388798377587
0.0011316312436524007
0.0011259043787988764
0.0011183224135760774
0.0011011856815555602
0.0010977976843367903
0.0010957438978330912
0.0010941641170430704
0.0010907077045514842
0.0010920408657694974
0.001091037253150522
0.0010909872002956892
0.0010909742831778885
0.0010916737343438046
0.0010948329494407522
0.0010897801373551913
0.001092153436006237
0.001091771261427913
0.0010897846081046863
0.0010910429177947638
0.0010936492555494461
