3.0262434647920005
2.974760402466732
2.9419353437666445
2.8936494267260118
2.894053363667823
2.8779390422580398
2.8458272757095866
2.850790725308842
2.851868161791768
2.8543325740809324
2.841994936774869
2.8477309293802318
2.8495711019161014
2.8389839602201086
2.8345751521846485
2.847430973343367
2.8301622051092696
2.834659563757548
2.8424456122203607
2.8367117868182588
2.842885861761007

0.010615948745800921
0.010203747756072142
0.009978837782742698
0.009750971251359054
0.009900481538954429
0.009769123764587679
0.009501711191910784
0.009571968688213523
0.009753400289986856
0.009835129619157817
0.00970738009109625
0.009717341852777206
0.009717974455106805
0.009577588524200868
0.009634383367616163
0.009955747172702895
0.009570139255643921
0.009534612154006259
0.009654753162942396
0.009533042636548288
0.009638120147628606
