2.182687518234661
2.1580981166598625
2.13487040790941
2.1214878167998483
2.1109067788894103
2.092500482539898
2.0929764722271447
2.0895762300573972
2.0921148258097952
2.089629881401618
2.0888455128128918
2.093829156933858
2.0834512208942946
2.091493505000052
2.0937526326947826
2.085260899087517
2.0858519584599664
2.081702117977784
2.089048128074739
2.0825625979040936
2.0851887453121787

0.008030644681997259
0.007898046126588707
0.007885510081260826
0.007739408094276894
0.007785649343555264
0.007584119324553813
0.007623075102589906
0.007524893250343164
0.007668585755296912
0.007561660351929998
0.007696716229942568
0.007708652466137395
0.007532262373575714
0.0076151696438487996
0.007681816188136076
0.00753902668403016
0.007573199734730779
0.007587916046932242
0.007572165196679877
0.0075581599469472845
0.007613300676853729
