2.9946451956588045
2.958145083317788
2.9161239540894677
2.885975951296816
2.873422037904416
2.8676994937132134
2.857644418539228
2.851981380217588
2.853244814794782
2.852191010093858
2.849818916329675
2.8539303807537215
2.849949604643898
2.8468010336965
2.844635362081477
2.8493658530024004
2.839708178477016
2.841483630554906
2.8521818377915023
2.8511807780411806
2.849685077613096

0.010150830757926782
0.010016390378242927
0.009880551646483134
0.00982286728479994
0.00972667324050881
0.009737780036985656
0.009823188017434453
0.00974251532309884
0.009845588550710918
0.009718031371785538
0.009722107674892906
0.009777228468951316
0.009733405401680596
0.009649322594464977
0.009661920071448228
0.009564892170940255
0.009643337851434484
0.009597494941319892
0.009698974670948544
0.0095443196521158
0.009766086537098224
