0.6791133917843263
0.6789435393080018
0.6755460489066542
0.6726645065380191
0.6717274365582145
0.6712629978841261
0.6712939167464408
0.6698424605853732
0.6705393548118489
0.6709089312886418
0.6717163644370756
0.6701811167511216
0.6706596645336562
0.6706115099808865
0.670315890852857
0.6707392057578166
0.6713450169531001
0.6705556102276194
0.6712675963768552
0.6706342507767898
0.670515625419278

0.0008803957237939191
0.0008798784187692378
0.0008693046993006816
0.0008596398230314631
0.000860204058689444
0.0008572529052578264
0.0008559221883529777
0.0008523458531414817
0.0008528042653499692
0.0008567622404271127
0.0008607422819776505
0.0008541706127154739
0.0008553305250471573
0.0008562288459428874
0.0008567839064618202
0.0008558143312090243
0.0008534552806283966
0.0008544383685433662
0.0008567806032238748
0.0008553014437853625
0.0008560862368541214
