20.542387882280885
17.061406864654558
16.123647895478054
15.639814106041069
14.237055874730551
14.064180416447451
14.267255798042378
14.34435069912087
14.179929500874913
14.145538861899155
14.062209583195296
14.099752098830448
14.206416492036285
14.055894972495839
13.978525380168987
14.064732047235072
14.175590912393515
13.95275950559063
14.08619613987554
13.907199938994442
14.077888736127054

1.6273141120700334
1.515546921380242
1.735535967505868
1.4353031062221655
1.3199091581236857
1.2622572466144302
1.1685534813970255
1.1065480454797472
1.518716796443023
1.4397192394927876
1.1837602155631881
1.4999239726362674
1.4452436651807652
1.3607824071448187
1.3160633673345226
1.2131217058650536
1.3490011003130808
1.2785588731940605
1.574029729427762
1.3160120184709836
0.9334608692342492
