3.0024730671186335
2.9573502616317713
2.9187916655095747
2.890034803105665
2.8559202604434657
2.849917993958137
2.8479921588242116
2.838883882925665
2.83740568655329
2.8375769977879517
2.829386936046218
2.835539701725571
2.825893948016097
2.8316873925416672
2.8320942392810133
2.8359462089641077
2.8279526038453557
2.832332787398849
2.8316547090240194
2.826904362295857
2.8285001508965832

0.010399092231879237
0.01016751634389683
0.009992485661618913
0.009795096793296567
0.009636377165145744
0.009686655848205581
0.009726206293147707
0.009619949430913379
0.009667972929748107
0.009703123080666919
0.009619974573279955
0.009619754073443829
0.009544066264370522
0.009559987326632963
0.009517591619274995
0.009616307162704934
0.009651314539530855
0.009626327985748185
0.009617056106547221
0.00954166612851036
0.009635623623239473
