0.8568801217409382
0.8570146144938492
0.8540062545192825
0.8515540493724226
0.8485302891915588
0.8489232751333932
0.84617245768423
0.8438102120597609
0.844747964009164
0.8438043690420399
0.8444966502972204
0.8444541424238456
0.8439684228909747
0.8446903128760507
0.8452539499388743
0.8444949107974972
0.8437947241951895
0.8446353405589607
0.8446264763015745
0.8451152879331447
0.8449490321331983

0.0011308476742148417
0.0011249839821248493
0.001117859375245805
0.0011118037403672072
0.0011031490025285786
0.0011004900037919119
0.0010982689930027743
0.0010921658313040967
0.0010929183544296406
0.001092750651185799
0.001090484638677722
0.0010934596816898178
0.0010933597827634503
0.0010928821894056185
0.001097562100705904
0.0010939235072975994
0.00109171573067867
0.001096360301467154
0.0010935141645999143
0.0010950007237861892
0.001092430234876461
