18.641093686404666
17.310070262762533
16.60835098158253
16.501035490542037
16.411154422324493
16.452103517566012
17.108275022602623
17.04758701683356
17.271297939165695
17.010403945641723
16.985838215817584
17.03622950577186
16.917574081835816
16.760591872550936
16.72178040623534
16.801454103886314
16.76640362892542
16.88486296020739
16.902248467047837
16.804869024979578
16.91802039501282

0.1379160302299153
0.12827725463502282
0.1284439854168954
0.13391134670945481
0.12745253869325646
0.12752177763048042
0.13808646898959515
0.14037009344003415
0.14349336838331536
0.13834450760879582
0.1376739138492694
0.1389415206378435
0.13642847179565698
0.12963656514797958
0.13897262837448213
0.1324632551974452
0.12947640201065377
0.13205679489607458
0.14230037443735663
0.131617179045256
0.1336119981519804
