2.1759939692379655
2.1374627599306644
2.111189436927985
2.0996738961539694
2.0899760387241244
2.085367780475696
2.0837773628480467
2.083136940843642
2.087749734089355
2.0845262064778076
2.0835116779262615
2.078409247234926
2.0809619111780084
2.0848135728319783
2.0894655468329657
2.0832337803903966
2.0793550185218774
2.076270457137055
2.084269365623881
2.085159721160972
2.083735050321365

0.007986932138488915
0.007720997789460688
0.007733572641484919
0.007719061154317001
0.007624112528876969
0.0076551173112544444
0.0075714391795955165
0.007621967346207529
0.007631294853262449
0.007579975599823292
0.007723654271624299
0.0074664073684023065
0.007576285514204637
0.007681688526412445
0.007587117196359137
0.007562749379985719
0.007569274461053545
0.007517921720316546
0.007603008608411035
0.00758671542239316
0.007590103859814364
