0.679323510144642
0.6782674031567039
0.6758564067814276
0.6739388395573326
0.671800984523093
0.6710171192486531
0.6707195578087938
0.6710089391580061
0.6709916348781975
0.6704927905033867
0.6718341720911044
0.6703591284283432
0.670794223421465
0.6721039044452894
0.6714067521010126
0.6704547642742197
0.6709041061534335
0.6697841019355859
0.6710892751899209
0.6706289642838175
0.6708837579439118

0.0008801180567894008
0.000877989312615732
0.0008695023184384222
0.0008637034634446718
0.0008569837668545846
0.0008586457044428298
0.0008559462536436144
0.0008567208145718203
0.0008561809454277868
0.0008537205010659216
0.0008581335648611858
0.0008580627783284963
0.0008567999928801516
0.0008573087019921265
0.0008565793886019483
0.0008556032458810193
0.0008570414295901291
0.000852956684723691
0.0008566963374814077
0.0008546560563697776
0.0008541452990384295
