10.60891249549511
10.5203468385862
10.527910636273727
10.404797073249565
10.271009225628822
10.12910775986702
10.28387570109869
10.23003891361272
10.174353946443748
10.255912563467774
10.348313580758093
10.376097268772051
10.217177094173623
10.26905348331416
10.429066141349303
10.233248545567886
10.20099217358844
10.258880517199332
10.221816766966112
10.141307535349515
10.160427595987848

0.14019408278068815
0.15266076527791753
0.15855964344007847
0.16443879804373057
0.14820830409775881
0.14998264439719108
0.1759211943921296
0.15277913411146674
0.1532544089813574
0.14656883218400651
0.15756102241651118
0.17962002258572715
0.15034139984682787
0.1569586272283749
0.15817839802781822
0.14166852280544423
0.14206866414386524
0.14750932600782535
0.1639221115462918
0.13646741861567602
0.14264789592565683
