2.165728762278422
2.1419153151780086
2.119876767395776
2.0913084522331373
2.0864358880669074
2.0799512861745093
2.0865454138143433
2.0835776865606253
2.084586826541968
2.085055369882048
2.083071413675541
2.0868244288380473
2.0798553716092103
2.0841202281181497
2.0877955635351952
2.081807806710773
2.0824600257496257
2.078900020238256
2.08476225635079
2.0863570160815375
2.0827490923432714

0.007933599084688176
0.007847998632988684
0.007842298566944576
0.007621141987195665
0.007644302999300357
0.00767978632461171
0.007539176124783942
0.0075859414155777715
0.0076750871933302205
0.007684423535153655
0.00754000977859296
0.007689818196448897
0.007509808094185658
0.007542026986167921
0.007601096487039063
0.007632424890836531
0.007567647213464589
0.007571425404097988
0.007533947181995871
0.007640789253742419
0.007641731451113037
