0.6788420853243575
0.6787506651033098
0.676738706379658
0.6736955841138099
0.6708816119001114
0.6719834064253246
0.6711188788774012
0.6715191214024866
0.6706057863126693
0.6711057067248255
0.6704179180042485
0.6704809997600624
0.6714066277484623
0.6715906038076485
0.670651229688995
0.6709797114165452
0.670613279636035
0.6709355584000247
0.6710303382342956
0.670806512827102
0.6708826962423747

0.0008779912405053111
0.0008817218133984905
0.0008743734862625183
0.0008626865062256466
0.0008564186047667484
0.0008579441053347958
0.0008579585997733987
0.0008574099370049802
0.0008559085911563447
0.0008562491378867363
0.0008551466306864386
0.0008545833498600377
0.0008569459288439995
0.0008564637057891135
0.0008569658812221207
0.0008565814084459452
0.0008551148462592636
0.000855945813660434
0.0008555889164941821
0.0008540955786137093
0.0008543183121010026
