18.201590110405693
17.12473663471411
16.574961677487106
16.074394894954555
15.969843332057549
16.022407641903207
15.788359013873087
15.797236220378998
16.08106903806649
16.06397586769792
17.06911573877948
17.131411236444396
17.110730780575544
16.611758270632464
16.47740310087831
16.442775438099577
16.551406335230382
16.667420621767093
16.444025002660336
16.62726706363985
16.566796408622963

0.1317547337316973
0.13062856918596966
0.13104835008768084
0.12785281165674428
0.13341632163088224
0.1367794620688479
0.1345710472563939
0.12737391346798727
0.13697920690664944
0.13820991003019104
0.17283581781746324
0.16883158508250107
0.17038585019857067
0.14484198278015495
0.14906010374215145
0.1453644601722043
0.1482852708021864
0.14907110665427534
0.14644237399729604
0.14892798559269943
0.15053531447938973
