0.8588764923567669
0.856938930067312
0.8529428934139023
0.8492233226097153
0.8458869959870071
0.8445643706631357
0.8441158871352867
0.8442489938591425
0.8431138552015071
0.8434964373724966
0.8430596318216005
0.8441427800816536
0.843638780063786
0.8435274317490659
0.8428520141682188
0.8434296253791326
0.8442574654320107
0.8434557824192062
0.8437019328300911
0.8441299090219238
0.8434717458213691

0.0011345314231182293
0.001126336594478386
0.0011144009753472953
0.0011059439569110258
0.0010971698945430647
0.0010909166152197399
0.0010900324296668272
0.0010941293493584112
0.0010887397581978106
0.0010907643821922988
0.0010894045441839008
0.0010920122913979748
0.0010923545064159758
0.0010916380964121751
0.0010901908222475235
0.0010885905866684805
0.0010919110988659745
0.0010898775020496227
0.0010916488158871315
0.0010922604785323143
0.0010893135807491844
