2.9947479678262505
2.96599685037375
2.913059514182896
2.8720303222482877
2.8662156171769055
2.8538559680628186
2.848284678067042
2.8378320806606028
2.8298005617395963
2.8286358349964824
2.8338445660373988
2.832827303810291
2.8422072554690865
2.8270595037085133
2.8361288693327333
2.8357344189556546
2.8340285654233237
2.840986397403721
2.82765406930864
2.8314016724444526
2.840807538378569

0.010322487267066222
0.010076975542728923
0.009815443073593262
0.009664425410394608
0.00974597694239511
0.009659749380128015
0.009535071841257466
0.009660681885809319
0.009627585539208883
0.00964746402559904
0.009619467161303939
0.009674933042751098
0.009795479772317588
0.009728161297660583
0.009636738692891288
0.00961707397966666
0.009592043501686182
0.009683642804236883
0.009428616410777505
0.009618004549762684
0.009669748903607486
