10.645482333364285
10.427842732787107
10.366179727054723
10.199937205132505
10.286498387590626
10.122160572634595
10.175103969619236
10.15708997595942
10.275156903519136
10.283422286768708
10.210699319386128
10.152583521926012
10.2993953870851
10.235625480820824
10.128990364741242
10.336069609948812
10.207038735245904
10.21846669909453
10.32742278063266
10.38182243899495
10.149868397416334

0.14912308783348888
0.1419948144179381
0.13773898809951665
0.149813446119849
0.15086622111966191
0.13821272722833655
0.14451565934126304
0.14567653692230906
0.14385025382936564
0.15473793472068526
0.14782972529019786
0.15295139799977042
0.16298278544462755
0.15681842523315268
0.149780783344175
0.16160275881689698
0.14788642782336306
0.15236871641305869
0.15683166406774962
0.16254418464444226
0.14447398414111082
