2.177696730305946
2.167263640218079
2.135516262434648
2.111680689103676
2.0949913103074405
2.0925593194969796
2.08813621661515
2.090282468686663
2.090857116481865
2.0801134300491135
2.087315880286799
2.079825943723468
2.0861315165909753
2.081472645631638
2.0806744124332903
2.083632377055373
2.078788051139428
2.089468252674483
2.088484608626933
2.0830534795872064
2.0897357990075442

0.007885799833732577
0.00796106828814458
0.007845643073702538
0.007749645918352649
0.007704330368179738
0.007679898826792619
0.007599904082466179
0.007680958474213815
0.0078448037255654
0.007619155415159731
0.007580650057201022
0.007552699600321369
0.007619798467342631
0.00763982597603551
0.007632839787384163
0.007559230059906575
0.007615145520745092
0.0076292951945750925
0.0076421351014489755
0.007609409296561273
0.007736839640141896
