2.167069327965205
2.1680263025476227
2.144974396022873
2.1214578768229235
2.1038120962626916
2.1035040241855882
2.1004182004422915
2.098508260618372
2.084782293142601
2.0912382557777933
2.0916861276448517
2.0908961420171837
2.086759796187131
2.0896258543928505
2.0978565862566008
2.089482866342351
2.0880800625870837
2.0813706544413884
2.0823937832279915
2.088739267614644
2.092956638454772

0.007977028380625127
0.008073520724402684
0.007953005009462333
0.007654645168505961
0.0076590286969963495
0.007616925263432535
0.0077253222016316235
0.007583711824573494
0.007510056510553867
0.007519784296486473
0.0075900286505399105
0.007717317854739494
0.007627778639935438
0.00768271383154149
0.007754450219948485
0.00767832374665874
0.007558619791958673
0.007607316555138922
0.007626131637841785
0.0076099880357936986
0.007685387096655836
