0.8564024987500302
0.8553889712922159
0.8526207199059642
0.8483925292637098
0.8444434127862752
0.8445468114240938
0.8431204710026972
0.843134765924177
0.8433111702525592
0.8424530229185776
0.844473450174202
0.843892153881372
0.8426560899024297
0.8431852786649875
0.8438144563903623
0.8433853869135222
0.8432058882828817
0.8440615896268061
0.8428123555609626
0.8432312644330686
0.8440006903805626

0.001128472464442091
0.0011211999729446845
0.0011109274253801621
0.001103636338297796
0.0010926138042949612
0.0010917829182952366
0.0010896149353163266
0.0010918571861272418
0.0010891382563680667
0.0010890501208068184
0.0010946174282791335
0.001090026710242723
0.0010889417875885729
0.0010903342564758016
0.0010960119688151056
0.001088818181671781
0.0010881012332177406
0.0010925404412144351
0.0010896600409214118
0.001091973588035196
0.0010908942738896705
