0.856290689084677
0.8558111212353072
0.8530243278979792
0.8486587552463387
0.8455971362494338
0.8438468167460109
0.843988797127674
0.8440313571014394
0.8438665099112851
0.8434099648480811
0.8440716251607759
0.8436412772221528
0.8421116359490688
0.8430886111379121
0.8437841636068997
0.8432866769960757
0.843317604475416
0.843958635535679
0.8433829031903367
0.8431745875368611
0.8437161079816238

0.0011273335276456911
0.0011234004162014423
0.0011162191081604963
0.0011000620240234824
0.001098377569027131
0.001093567009627943
0.001094230091302321
0.0010922062598604954
0.0010934022994234633
0.0010930295838910676
0.0010913337212016382
0.0010938730743344164
0.0010855823842377869
0.0010885378109943837
0.0010932374288027114
0.0010925397392969602
0.0010863851935827065
0.0010896765050550064
0.0010894813797378473
0.0010888955697831455
0.0010913789891911299
