0.6791298363454572
0.6780498474937476
0.6760781004496272
0.6732455915058434
0.6715441948579541
0.6712341471473438
0.6713734804536681
0.6709044522155775
0.6712673449145995
0.670217843742295
0.6702773835565042
0.670451558786206
0.6703458356120613
0.6701686127349002
0.6708994278265453
0.6705463243407639
0.6715229922556961
0.67028847598816
0.6707738339822996
0.6703050808680299
0.6703531172415184

0.0008805820487492513
0.0008769238672942878
0.0008710111649546235
0.0008637219386600156
0.0008580074011635516
0.0008579837276696922
0.0008586404499970773
0.0008533380403731762
0.0008531770782865258
0.0008565874157406719
0.00085415974120836
0.0008557491546787959
0.0008547047022135276
0.000854995645017953
0.0008556824397495115
0.000855639191700046
0.0008579617800586018
0.0008557843159064233
0.0008533598568303656
0.000855754140515027
0.000854786408210501
