10.686814990903263
10.645387450238267
10.548519474091488
10.423937577631422
10.150758352447507
10.166945488774182
10.269372747027628
10.120625502093814
10.283870257338032
10.248845528288184
10.303454212231816
10.38334329131512
10.267130361576394
10.24959896206056
10.237978038039657
10.23894690272162
10.393850449608486
10.4085652602693
10.290208129420336
10.328473291207553
10.283788789386175

0.149946763401402
0.1528867485320429
0.14945104456026617
0.14070258724296747
0.1341259407503974
0.14832424654782336
0.15338198050050184
0.14956371498519697
0.13719768145551162
0.12583959674967413
0.12892531423293757
0.13092935002967312
0.12450785832412023
0.13030211968141558
0.12055330362384914
0.11867775423156818
0.1317989892041581
0.13505449516711804
0.12019103918418166
0.1271939966676662
0.12234814583023043
