2.175026032141277
2.156434879030784
2.143866922180146
2.1297055008986394
2.127107109757712
2.109444224804464
2.099902256811613
2.112500844159422
2.1073714521236275
2.095717211375015
2.103257859336402
2.101669381645389
2.0919061505616425
2.099795895395207
2.0998469823703427
2.0819978252700886
2.0930451086855713
2.0923393357144
2.0957234389630135
2.0986010522577137
2.0976213502394887

0.00794618982338269
0.00793195907989149
0.007855357327558538
0.00783294832498182
0.00780305132917125
0.007836300544661936
0.00767379608833503
0.00773936278488706
0.007619619260159769
0.007528620493798339
0.007687927608682212
0.007802288360449205
0.007635765976372532
0.007710281833233954
0.007703187505129816
0.0075208349093376
0.007630769730538585
0.007630967849331601
0.007765372426850521
0.00777313971542858
0.007700470389566898
