18.294281225805367
16.988681376533435
16.65282391536172
16.369652884189907
16.402119009547548
16.825731938283834
17.006493698406686
17.24493402541017
17.17569127449946
17.425146407689724
17.69978120121527
17.94227997560591
18.07188214449795
17.805328679332757
17.81851153619467
18.06333749669243
17.87299281255244
17.85364997597432
17.81861118431181
17.992873654799464
17.89294871218259

0.13686914821298354
0.12702025009811535
0.13311474708046214
0.13129940757259465
0.13645606272714034
0.12683701340466
0.12994494254320413
0.1278615248090139
0.12618586729508469
0.13212116287705605
0.13424345333987436
0.13237102748919877
0.140162296524272
0.1334072656221353
0.13168113217207686
0.13742127169782642
0.1320990242361809
0.13688936134946156
0.1320557469842655
0.13579846218213792
0.13711954953408925
